% B=textread('F:\py\Mtb\8_BA1000_4\nx.degree_centrality.txt','' , 'headerlines', 0);% 中介度
xd0=[0	1
0.02	0.949799197
0.04	0.756526104
0.06	0.428965863
0.08	0.088353414
0.1	0.027108434
0.12	0.005271084
0.14	0.000753012
0.16	0.000251004
0.18	0
    ];
%8_BA3000_4lnx	degree_centrality.txtcascadingfail result.m
xddd0=[0     1
    0.02	0.960109479
0.04	0.74182243
0.06	0.363646195
0.08	0.054653538
0.1	0.007961015
0.12	0.000987891
0.14	0
];
xbbb0=[
    0	1
0.02	0.963993658
0.04	0.771361816
0.06	0.416555407
0.08	0.075308745
0.1	0.013100801
0.12	0.002127837
0.14	0.000250334
0.16	0
];
xccc0=[0	1
0.02	0.970877837
0.04	0.800901202
0.06	0.473464619
0.08	0.097963952
0.1	0.017940587
0.12	0.003337784
0.14	0.000500668
0.16	0
];
%20_BA1000_10	degree_centrality.txt		cascadingfail result.m
xddd1=[0	1
0.02	0.716868687
0.04	0.091717172
0.06	0.005858586
0.08	0.00010101
0.1	0
];
% 16_BA1000_8	degree_centrality.txt		cascadingfail result.m
xddd2=[0	1
0.02	0.826486895
0.04	0.158644153
0.06	0.023563508
0.08	0.002772177
0.1	0
];
% 4_SW1000_4_00	degree_centrality.txt	cascadingfail result.m	
xddd3=[0	   1
0.02	1
0.04	1
0.06	1
0.08	1
0.1	1
0.12	1
0.14	1
0.16	1
0.18	0]
% B=textread('14_BA1000_7\nx.degree_centrality.txt','' , 'headerlines', 0);% 中介度
xddd4=[0	1
0.02	0.972809668
0.04	0.514314487
0.06	0.077111207
0.08	0.009207308
0.1	    0.001007049
0.12	0.000143864
0.14	0
    ];
% B=textread('10_BA1000_5\nx.degree_centrality.txt','' , 'headerlines', 0);% 中介度
xddd5=[0	1
0.02	0.967236181
0.04	0.712160804
0.06	0.224522613
0.08	0.046231156
0.1	0.009045226
0.12	0.00120603
0.14	0
];


%度不同 边相同的BA网络 4_BA500_2/ 6_BA500_3 /8_BA500_4
%B=textread('F:\py\Mtb\4_BA500_2\nx.degree_centrality.txt','' , 'headerlines', 0);% 中介度
xc=[0	1
0.02	0.959839357
0.04	0.835341365
0.06	0.586345382
0.08	0.324297189
0.1	0.110441767
0.12	0.050200803
0.14	0.016064257
0.16	0.007028112
0.18	0.00502008
0.2	0.002008032
];
xb=[0	1
0.0200000000000000	0.933734939759036
0.0400000000000000	0.766064257028112
0.0600000000000000	0.442771084337349
0.0800000000000000	0.232931726907631
0.100000000000000	0.0642570281124498
0.120000000000000	0.0301204819277108
0.140000000000000	0.0130522088353414
0.160000000000000	0.00903614457831325
0.180000000000000	0.00702811244979920
0.200000000000000	0.00502008032128514
0.220000000000000	0.00401606425702811
0.24 0];
%用这个的时候就是画好CI
% xd=[0	1
% 0.05	0.659638554
% 0.1	0.091365462
% 0.15	0.008032129
% 0.2	0.002008032
% 0.25	0
% ];
xd=[0	1
0.02	0.941767068
0.04	0.800200803
0.06	0.5562249
0.08	0.239959839
0.1	0.091365462
0.12	0.026104418
0.14	0.015060241
0.16	0.007028112
0.18	0.00502008
0.2	0.002008032
0.22 0
];
%B=textread('F:\py\Mtb\6_BA500_3\nx.closeness_centrality.txt','' , 'headerlines', 0);% 中介度
xc1=[0	1
0.05	0.7518444
0.1	0.154258887
0.15	0.010731053
0.2	0
];
xb1=[0	1
0.05	0.57008719
0.1	0.08249497
0.15	0.006706908
0.2	0
];
% xd1=[0	1
% 0.05	0.665995976
% 0.1	0.105969148
% 0.15	0.004694836
% 0.2	0
% 0.25	0
% ];
xd1=[0	1
0.02	0.971830986
0.04	0.814889336
0.06	0.564050973
0.08	0.30583501
0.1	0.105969148
0.12	0.037558685
0.14	0.008718981
0.16	0.002682763

]
%B=textread('F:\py\Mtb\8_BA500_4\nx.degree_centrality.txt','' , 'headerlines', 0);% 中介度
xc2=[0	1
0.05	0.674395161
0.1	0.077116935
0.15	0
];
xb2=[0	1
0.05	0.399697581
0.1	0.037802419
0.15	0
];
% xd2=[0	1
% 0.05	0.598790323
% 0.1	0.048387097
% 0.15	0.001008065
% 0.2	0
% ];
xd2=[0	1
0.02	0.97983871
0.04	0.809576613
0.06	0.447274194
0.08	0.132056452
0.1	0.048387097
0.12	0.012096774
0.14	0.003024194
0.16	0]

%度为8相同 节点数不同的BA网络 8_BA500_4 /8_BA100_4 /8_BA50_4
%B=textread('F:\py\Mtb\8_BA100_4\nx.degree_centrality.txt','' , 'headerlines', 0);
xc3=[0	1
0.02	0.984375
0.04	0.921875
0.06	0.697916667
0.08	0.276041667
0.1	0.151041667
0.12	0.09375
0.14	0.028645833
0.16	0.010416667
0.18	0.002604167
0.2	0];
xb3=[0	1
0.02	0.9765625
0.04	0.799479167
0.06	0.4296875
0.08	0.213541667
0.1	0.127604167
0.12	0.0703125
0.14	0.033854167
0.16	0.015625
0.18	0.010416667
0.2	0.005208333
0.22	0
];
 xd3=[0	1
0.02	0.973958333
0.04	0.890625
0.06	0.611979167
0.08	0.2265625
0.1	0.111979167
0.12	0.044270833
0.14	0.013020833
0.16	0.005208333
0.18	0
];
% xd3=[0	1
% 0.05	0.752604167
% 0.1	0.111979167
% 0.15	0.0078125
% 0.2	0
% 0.25	0
% 0.3	0
% ]
%B=textread('F:\py\Mtb\8_BA50_4\nx.closeness_centrality.txt','' , 'headerlines', 0);% 中介度
xc4=[0	1
0.05	0.913043478
0.1	0.277173913
0.15	0.048913043
0.2	0
];
xb4=[0	1
0.05	0.804347826
0.1	0.277173913
0.15	0.048913043
0.2	0
];
% xd4=[0	1
% 0.05	0.847826087
% 0.1	0.190217391
% 0.15	0.010869565
% 0.2	0
% ];
xd4=[0	1
0.02	1
0.04	0.956521739
0.06	0.739130435
0.08	0.483695652
0.1	0.190217391
0.12	0.097826087
0.14	0.043478261
0.16	0.010869565
0.18	0   
]
% subplot(2,2,3)
%4度相同 的BA网络 4_BA500_2/ 4_BA100_2 /4_BA50_2
%B=textread('F:\py\Mtb\4_BA100_2\nx.degree_centrality.txt','' , 'headerlines', 0);% 中介度
% xc5=[0	1
% 0.05	0.780612245
% 0.1	0.224489796
% 0.15	0.091836735
% 0.2	0.010204082
% 0.25	0
% ];
xc5=[0	1
0.02	0.984693878
0.04	0.862244898
0.06	0.668367347
0.08	0.392857143
0.1	0.224489796
0.12	0.158163265
0.14	0.142857143
0.16	0.051020408
0.18	0.025510204
0.2	0.010204082
0.22	0.010204082

];
% xb5=[0	1
% 0.05	0.698979592
% 0.1	0.183673469
% 0.15	0.096938776
% 0.2	0.030612245
% 0.25	0.020408163
% 0.3	0.005102041
% ];
xb5=[0	1
0.02	0.964285714
0.04	0.816326531
0.06	0.591836735
0.08	0.255102041
0.1	0.183673469
0.12	0.163265306
0.14	0.142857143
0.16	0.056938776
0.18	0.046122449
0.2	0.030612245
0.22	0.010612245

]
% xd5=[0	1
% 0.05	0.739795918
% 0.1	0.214285714
% 0.15	0.081632653
% 0.2	0.010204082
% 0.25	0
% 0.3	0
% ]
xd5=[0	1
0.02	0.964285714
0.04	0.852040816
0.06	0.535714286
0.08	0.316326531
0.1	0.214285714
0.12	0.158163265
0.14	0.091836735
0.16	0.056122449
0.18	0.015306122
0.2	0.010204082
0.22	0.010204082
0.24	0.005102041
0.26	0
];


%B=textread('F:\py\Mtb\4_BA50_2\nx.degree_centrality.txt','' , 'headerlines', 0);% 中介度
xc6=[0	1
0.02	0.989583333
0.04	0.927083333
0.06	0.760416667
0.08	0.53125
0.1	0.479166667
0.12	0.291666667
0.14	0.197925
0.16	0.17675
0.18	0.11125
0.2	0.080833333
0.22	0.04
0.24	0.031666667
0.26	0.02125
0.28	0
];
xb6=[0	1
0.02	0.979166667
0.04	0.864583333
0.06	0.739583333
0.08	0.53125
0.1	0.447916667
0.12	0.302083333
0.14	0.197916667
0.16	0.177083333
0.18	0.135416667
0.2	0.09375
0.22	0.072916667
0.24	0.041666667
0.26	0.03125
0.28	0.010416667
0.3	0

];
xd6=[0	1
0.02	0.989583333
0.04	0.927083333
0.06	0.65625
0.08	0.510416667
0.1	0.395833333
0.12	0.333333333
0.14	0.210416667
0.16	0.19375
0.18	0.11125
0.2	0.070833333
0.22	0.052916667
0.24	0.031666667
0.26	0.01125
];
% plot(xc(:,1),xc(:,2),'r->',xb(:,1),xb(:,2),'r>--',xd(:,1),xd(:,2),'r>:','MarkerFaceColor','r')
% hold on;
% plot(xc5(:,1),xc5(:,2),'g-d',xb5(:,1),xb5(:,2),'gd--',xd5(:,1),xd5(:,2),'gd:','MarkerFaceColor','g')
% hold on;
% plot(xc6(:,1),xc6(:,2),'b-o',xb6(:,1),xb6(:,2),'bo--',xd6(:,1),xd6(:,2),'bo:','MarkerFaceColor','b')
% % title('4度相同 的BA网络 4_BA500_2/ 4_BA100_2 /4_BA50_2')
% xlabel('Key threshold value $ \hat{\alpha} $','Interpreter','latex');
% ylabel({'The complete breakdown ratio ${P_r}$ '},'Interpreter','latex');
% legend('4-BA500-2','4-BA100-2','4-BA50-2')
% legend('{C_i}=closeness centrality of node {v_i}','{C_i}=betweenness centrality of node {v_i}','{C_i}=degree centrality of node {v_i}')
% text(0.04,0.3,'4-BA500-2','color','r','FontSize',9)
% text(0.1,0.27,'4-BA100-2','color','g','FontSize',9)
% text(0.16,0.21,'4-BA50-2','color','b','FontSize',9)
% subplot(2,2,4)
%度相同/不同 的SW网络 4_SW500_4_08/ 4_SW100_4_05 /4_SW100_4_0/6_SW500_6_08,'FontSize',13
%B=textread('F:\py\Mtb\4_SW500_4_08\nx.degree_centrality.txt','' , 'headerlines', 0);% 中介度
